42000011
42000017
42000019
42000029
42000037
42000059
42000061
42000067
42000073
42000107
42000109
42000131
42000137
42000191
42000199
42000247
42000289
42000349
42000367
42000377
42000383
42000419
42000457
42000493
42000503
42000521
42000529
42000559
42000571
42000589
42000611
42000649
42000653
42000683
42000701
42000703
42000731
42000779
42000781
42000793
42000799
42000821
42000841
42000859
42000899
42000901
42000913
42000923
42000941
42000943
42000947
42000949
42000953
42000983
42000997
42001021
42001051
42001073
42001087
42001093
42001109
42001117
42001171
42001189
42001199
42001217
42001241
42001247
42001259
42001277
42001283
42001301
42001303
42001307
42001319
42001357
42001369
42001397
42001447
42001469
42001471
42001481
42001501
42001511
42001517
42001529
42001573
42001579
42001601
42001627
42001651
42001667
42001709
42001711
42001727
42001763
42001777
42001789
42001793
42001819
42001829
42001847
42001867
42001877
42001891
42001903
42001957
42001963
42001969
42001997
42002017
42002029
42002033
42002113
42002119
42002143
42002153
42002197
42002201
42002227
42002231
42002239
42002269
42002309
42002339
42002351
42002377
42002383
42002431
42002449
42002459
42002507
42002509
42002539
42002557
42002581
42002617
42002629
42002647
42002651
42002657
42002687
42002707
42002713
42002717
42002729
42002747
42002771
42002773
42002777
42002791
42002797
42002803
42002809
42002827
42002833
42002839
42002879
42002893
42002921
42002929
42002969
42002993
42002999
42003023
42003061
42003067
42003077
42003097
42003119
42003127
42003139
42003149
42003163
42003179
42003187
42003191
42003211
42003239
42003253
42003257
42003271
42003317
42003323
42003329
42003337
42003371
42003391
42003407
42003421
42003463
42003469
42003487
42003491
42003539
42003551
42003553
42003581
42003587
42003593
42003607
42003641
42003683
42003691
42003697
42003739
42003751
42003761
42003763
42003799
42003833
42003847
42003859
42003877
42003943
42003953
42003979
42004009
42004013
42004069
42004073
42004099
42004103
42004111
42004129
42004153
42004159
42004169
42004177
42004211
42004219
42004301
42004309
42004321
42004343
42004357
42004363
42004367
42004373
42004387
42004393
42004397
42004409
42004423
42004427
42004429
42004439
42004451
42004453
42004471
42004477
42004481
42004483
42004493
42004517
42004531
42004553
42004561
42004577
42004579
42004639
42004663
42004681
42004717
42004741
42004751
42004769
42004771
42004813
42004843
42004861
42004871
42004901
42004927
42004933
42004957
42004979
42005053
42005059
42005069
42005071
42005077
42005081
42005167
42005177
42005189
42005191
42005207
42005209
42005237
42005269
42005273
42005303
42005339
42005347
42005389
42005399
42005401
42005417
42005423
42005459
42005461
42005477
42005479
42005497
42005503
42005519
42005533
42005569
42005591
42005617
42005629
42005641
42005653
42005671
42005681
42005701
42005723
42005729
42005737
42005741
42005749
42005779
42005783
42005807
42005809
42005857
42005867
42005869
42005893
42005897
42005917
42005927
42005933
42005983
42006037
42006049
42006089
42006127
42006143
42006149
42006161
42006191
42006199
42006277
42006323
42006331
42006343
42006347
42006353
42006361
42006373
42006379
42006389
42006403
42006421
42006443
42006469
42006493
42006551
42006557
42006611
42006617
42006619
42006631
42006659
42006683
42006689
42006691
42006697
42006707
42006709
42006719
42006721
42006737
42006751
42006823
42006827
42006851
42006859
42006889
42006911
42006973
42007033
42007037
42007067
42007103
42007129
42007151
42007171
42007243
42007267
42007279
42007291
42007297
42007307
42007319
42007333
42007369
42007373
42007393
42007397
42007463
42007477
42007487
42007501
42007523
42007529
42007547
42007549
42007571
42007577
42007579
42007583
42007597
42007601
42007621
42007627
42007643
42007661
42007673
42007723
42007741
42007751
42007753
42007781
42007783
42007787
42007793
42007807
42007813
42007831
42007843
42007859
42007873
42007907
42007909
42007919
42007937
42007949
42007951
42007957
42007997
42008009
42008023
42008039
42008053
42008111
42008117
42008123
42008137
42008147
42008179
42008191
42008227
42008243
42008249
42008261
42008293
42008299
42008311
42008339
42008341
42008347
42008363
42008371
42008387
42008399
42008401
42008429
42008437
42008467
42008497
42008537
42008539
42008543
42008567
42008591
42008597
42008599
42008609
42008611
42008621
42008671
42008693
42008749
42008761
42008773
42008777
42008789
42008797
42008843
42008881
42008891
42008899
42008903
42008917
42008957
42008977
42008983
42009001
42009029
42009047
42009049
42009059
42009083
42009101
42009127
42009131
42009169
42009173
42009179
42009181
42009203
42009221
42009241
42009251
42009287
42009307
42009311
42009343
42009347
42009353
42009391
42009403
42009413
42009421
42009427
42009491
42009509
42009571
42009577
42009613
42009629
42009631
42009641
42009647
42009677
42009697
42009713
42009727
42009739
42009769
42009797
42009809
42009823
42009841
42009853
42009857
42009859
42009883
42009901
42009917
42009923
42009959
42009971
42010013
42010027
42010037
42010039
42010049
42010063
42010127
42010141
42010169
42010181
42010211
42010223
42010237
42010253
42010261
42010271
42010277
42010303
42010361
42010369
42010379
42010391
42010393
42010411
42010421
42010427
42010439
42010459
42010477
42010481
42010511
42010513
42010523
42010567
42010601
42010637
42010649
42010681
42010693
42010721
42010739
42010741
42010753
42010769
42010777
42010781
42010789
42010807
42010817
42010819
42010861
42010867
42010877
42010897
42010909
42010933
42010939
42010951
42010963
42010967
42010979
42010993
42011017
42011083
42011093
42011119
42011153
42011161
42011191
42011201
42011209
42011213
42011251
42011287
42011297
42011311
42011323
42011329
42011341
42011353
42011377
42011381
42011383
42011399
42011419
42011423
42011441
42011447
42011477
42011507
42011509
42011521
42011549
42011551
42011579
42011587
42011597
42011609
42011617
42011621
42011663
42011677
42011701
42011707
42011773
42011779
42011791
42011797
42011803
42011813
42011819
42011821
42011857
42011863
42011867
42011887
42011897
42011911
42011929
42011933
42011939
42011941
42011951
42011993
42012017
42012073
42012077
42012079
42012107
42012119
42012127
42012133
42012143
42012163
42012203
42012209
42012221
42012227
42012239
42012251
42012259
42012281
42012293
42012301
42012319
42012323
42012337
42012343
42012371
42012379
42012403
42012431
42012461
42012497
42012511
42012521
42012541
42012547
42012563
42012571
42012601
42012637
42012647
42012653
42012671
42012683
42012701
42012703
42012731
42012757
42012787
42012821
42012847
42012863
42012907
42012913
42012917
42012937
42012947
42013007
42013031
42013039
42013057
42013067
42013099
42013109
42013121
42013163
42013187
42013207
42013211
42013217
42013219
42013243
42013267
42013271
42013291
42013297
42013303
42013333
42013337
42013343
42013393
42013399
42013417
42013459
42013481
42013483
42013501
42013523
42013529
42013553
42013583
42013619
42013639
42013651
42013661
42013669
42013703
42013717
42013729
42013733
42013747
42013781
42013799
42013813
42013819
42013823
42013831
42013843
42013849
42013877
42013949
42013957
42013969
42013991
42013999
42014033
42014039
42014041
42014047
42014051
42014059
42014087
42014101
42014117
42014153
42014171
42014173
42014183
42014197
42014209
42014227
42014237
42014249
42014251
42014317
42014341
42014369
42014383
42014411
42014437
42014443
42014447
42014449
42014473
42014509
42014519
42014587
42014597
42014611
42014689
42014729
42014737
42014759
42014771
42014779
42014783
42014809
42014821
42014831
42014857
42014867
42014879
42014887
42014893
42014897
42014899
42014923
42014933
42014957
42014969
42014977
42014981
42014983
42014993
42015011
42015019
42015047
42015053
42015101
42015121
42015151
42015157
42015163
42015179
42015247
42015263
42015269
42015271
42015277
42015307
42015329
42015331
42015341
42015353
42015359
42015367
42015371
42015377
42015383
42015419
42015433
42015443
42015469
42015481
42015487
42015527
42015539
42015541
42015559
42015563
42015581
42015613
42015629
42015667
42015671
42015691
42015703
42015709
42015719
42015731
42015737
42015739
42015749
42015781
42015793
42015851
42015877
42015887
42015889
42015923
42015929
42015937
42015949
42015977
42015997
42016003
42016019
42016033
42016043
42016081
42016097
42016109
42016151
42016153
42016187
42016199
42016211
42016213
42016217
42016237
42016241
42016259
42016307
42016313
42016321
42016363
42016399
42016417
42016421
42016433
42016441
42016453
42016463
42016483
42016489
42016517
42016519
42016523
42016529
42016567
42016577
42016603
42016613
42016627
42016631
42016649
42016669
42016693
42016717
42016721
42016747
42016763
42016769
42016783
42016813
42016831
42016889
42016907
42016913
42016939
42016943
42016951
42016963
42017023
42017039
42017069
42017119
42017137
42017141
42017153
42017191
42017197
42017203
42017219
42017231
42017249
42017257
42017273
42017279
42017281
42017291
42017309
42017329
42017347
42017357
42017359
42017363
42017377
42017383
42017419
42017447
42017449
42017513
42017519
42017537
42017543
42017551
42017561
42017567
42017597
42017603
42017611
42017623
42017629
42017639
42017653
42017663
42017687
42017707
42017747
42017749
42017783
42017791
42017813
42017821
42017827
42017831
42017867
42017909
42017917
42017939
42017957
42017981
42018001
42018017
42018019
42018043
42018049
42018073
42018103
42018127
42018131
42018157
42018161
42018173
42018209
42018233
42018257
42018371
42018433
42018461
42018479
42018503
42018511
42018527
42018533
42018551
42018583
42018601
42018617
42018623
42018659
42018673
42018719
42018731
42018763
42018803
42018811
42018817
42018863
42018881
42018887
42018913
42018923
42018959
42018967
42018971
42018979
42019027
42019031
42019063
42019067
42019069
42019097
42019123
42019129
42019141
42019147
42019169
42019177
42019193
42019199
42019207
42019217
42019249
42019267
42019273
42019277
42019297
42019339
42019343
42019357
42019361
42019379
42019403
42019409
42019421
42019487
42019489
42019493
42019499
42019501
42019511
42019517
42019541
42019543
42019553
42019559
42019573
42019591
42019613
42019651
42019657
42019661
42019673
42019709
42019751
42019759
42019771
42019799
42019807
42019819
42019823
42019843
42019847
42019867
42019871
42019877
42019883
42019889
42019891
42019907
42019909
42019931
42019969
42019979
42019981
42020003
42020023
42020029
42020059
42020063
42020087
42020089
42020093
42020131
42020171
42020201
42020207
42020219
42020227
42020233
42020249
42020261
42020273
42020281
42020309
42020317
42020339
42020347
42020351
42020357
42020369
42020383
42020387
42020393
42020437
42020441
42020483
42020509
42020527
42020557
42020597
42020599
42020621
42020639
42020669
42020677
42020683
42020687
42020729
42020743
42020791
42020801
42020809
42020819
42020827
42020857
42020873
42020879
42020897
42020899
42020929
42020939
42020959
42020963
42020983
42021017
42021037
42021043
42021071
42021073
42021121
42021139
42021143
42021173
42021211
42021223
42021227
42021241
42021251
42021257
42021313
42021341
42021347
42021349
42021359
42021383
42021389
42021401
42021509
42021517
42021547
42021587
42021589
42021593
42021613
42021641
42021689
42021691
42021701
42021703
42021743
42021779
42021803
42021817
42021829
42021839
42021869
42021883
42021907
42021911
42021913
42021919
42021923
42021949
42021961
42021997
42022031
42022033
42022039
42022093
42022103
42022111
42022159
42022207
42022241
42022259
42022261
42022289
42022291
42022301
42022307
42022313
42022339
42022349
42022361
42022367
42022399
42022423
42022427
42022439
42022451
42022457
42022459
42022489
42022501
42022511
42022543
42022579
42022597
42022609
42022637
42022667
42022681
42022697
42022703
42022709
42022727
42022801
42022807
42022823
42022829
42022837
42022873
42022891
42022907
42022913
42022933
42022973
42022979
42022987
42022999
42023039
42023057
42023071
42023077
42023087
42023089
42023101
42023119
42023129
42023147
42023161
42023183
42023207
42023221
42023227
42023239
42023249
42023251
42023263
42023273
42023309
42023347
42023351
42023357
42023363
42023381
42023389
42023413
42023417
42023431
42023441
42023447
42023467
42023477
42023479
42023491
42023521
42023537
42023567
42023617
42023633
42023659
42023669
42023741
42023743
42023759
42023767
42023789
42023797
42023803
42023809
42023819
42023827
42023833
42023851
42023873
42023903
42023911
42023923
42023939
42023951
42023957
42023959
42023999
42024001
42024007
42024023
42024041
42024049
42024053
42024061
42024077
42024083
42024089
42024121
42024133
42024163
42024167
42024179
42024211
42024217
42024239
42024247
42024253
42024259
42024271
42024293
42024317
42024337
42024401
42024457
42024491
42024503
42024511
42024517
42024539
42024553
42024569
42024589
42024607
42024617
42024667
42024673
42024677
42024727
42024733
42024739
42024743
42024769
42024779
42024781
42024811
42024817
42024839
42024847
42024881
42024883
42024893
42024907
42024929
42024937
42024947
42024953
42024991
42025001
42025069
42025079
42025111
42025127
42025129
42025187
42025199
42025223
42025253
42025261
42025273
42025327
42025331
42025349
42025351
42025391
42025409
42025433
42025447
42025453
42025469
42025481
42025499
42025519
42025561
42025573
42025579
42025583
42025631
42025637
42025657
42025699
42025703
42025723
42025729
42025757
42025793
42025831
42025871
42025903
42025913
42025927
42025933
42025939
42026009
42026021
42026041
42026053
42026063
42026071
42026147
42026161
42026167
42026251
42026263
42026273
42026291
42026293
42026311
42026333
42026399
42026401
42026417
42026429
42026441
42026447
42026449
42026473
42026513
42026521
42026527
42026549
42026573
42026581
42026627
42026629
42026659
42026671
42026693
42026707
42026723
42026759
42026797
42026813
42026833
42026837
42026851
42026863
42026869
42026891
42026893
42026921
42027017
42027019
42027059
42027113
42027149
42027151
42027169
42027197
42027199
42027217
42027229
42027253
42027263
42027269
42027283
42027317
42027343
42027361
42027397
42027421
42027437
42027443
42027473
42027511
42027521
42027533
42027539
42027577
42027581
42027617
42027653
42027673
42027697
42027701
42027703
42027709
42027731
42027743
42027761
42027767
42027803
42027809
42027833
42027857
42027863
42027929
42027959
42027991
42028013
42028031
42028039
42028043
42028087
42028093
42028117
42028121
42028123
42028169
42028183
42028187
42028241
42028271
42028289
42028297
42028303
42028309
42028313
42028331
42028333
42028339
42028351
42028367
42028391
42028433
42028463
42028499
42028517
42028537
42028561
42028583
42028603
42028619
42028621
42028643
42028697
42028717
42028729
42028733
42028747
42028757
42028771
42028787
42028849
42028853
42028871
42028891
42028907
42028927
42028937
42028979
42028991
42029011
42029051
42029069
42029101
42029111
42029131
42029137
42029153
42029161
42029173
42029177
42029191
42029203
42029261
42029263
42029293
42029297
42029341
42029347
42029353
42029357
42029363
42029369
42029399
42029401
42029411
42029483
42029489
42029503
42029509
42029513
42029527
42029557
42029567
42029573
42029587
42029621
42029641
42029711
42029719
42029747
42029759
42029773
42029807
42029821
42029863
42029887
42029927
42029929
42029951
42029959
42029987
42029989
42030031
42030047
42030089
42030097
42030119
42030127
42030143
42030167
42030169
42030179
42030199
42030211
42030217
42030227
42030253
42030259
42030277
42030319
42030343
42030347
42030353
42030379
42030421
42030437
42030473
42030481
42030487
42030491
42030493
42030497
42030533
42030559
42030577
42030581
42030587
42030589
42030601
42030623
42030629
42030649
42030661
42030671
42030673
42030697
42030707
42030743
42030757
42030763
42030797
42030799
42030809
42030827
42030881
42030893
42030899
42030917
42030929
42030943
42030949
42030971
42031039
42031079
42031111
42031127
42031139
42031153
42031159
42031181
42031201
42031243
42031267
42031271
42031289
42031291
42031307
42031321
42031331
42031333
42031337
42031349
42031369
42031391
42031393
42031399
42031403
42031417
42031441
42031447
42031459
42031471
42031523
42031537
42031543
42031573
42031607
42031621
42031631
42031657
42031673
42031711
42031727
42031739
42031747
42031757
42031783
42031789
42031799
42031807
42031811
42031823
42031841
42031849
42031853
42031861
42031897
42031901
42031903
42031909
42031919
42031921
42031937
42031949
42031967
42031999
42032051
42032069
42032099
42032129
42032149
42032153
42032167
42032171
42032191
42032203
42032227
42032231
42032273
42032299
42032323
42032327
42032357
42032359
42032369
42032387
42032401
42032411
42032437
42032443
42032461
42032467
42032479
42032519
42032527
42032531
42032533
42032539
42032561
42032563
42032567
42032587
42032591
42032593
42032623
42032659
42032671
42032681
42032699
42032701
42032713
42032759
42032761
42032779
42032849
42032873
42032897
42032927
42032941
42032951
42032953
42032989
42033007
42033031
42033041
42033071
42033091
42033097
42033113
42033127
42033143
42033161
42033191
42033217
42033223
42033239
42033253
42033283
42033289
42033307
42033337
42033353
42033361
42033371
42033379
42033389
42033413
42033437
42033479
42033583
42033587
42033601
42033617
42033623
42033631
42033653
42033659
42033679
42033683
42033701
42033703
42033713
42033727
42033751
42033763
42033769
42033781
42033787
42033791
42033821
42033829
42033841
42033851
42033863
42033907
42033913
42033977
42033989
42034001
42034007
42034037
42034039
42034051
42034103
42034117
42034123
42034127
42034129
42034147
42034159
42034163
42034193
42034199
42034207
42034211
42034219
42034229
42034231
42034243
42034249
42034261
42034283
42034297
42034301
42034303
42034313
42034337
42034339
42034351
42034361
42034367
42034397
42034411
42034417
42034423
42034439
42034453
42034469
42034493
42034519
42034529
42034537
42034549
42034579
42034583
42034613
42034621
42034649
42034679
42034703
42034711
42034723
42034753
42034771
42034781
42034807
42034813
42034819
42034847
42034871
42034877
42034879
42034903
42034913
42034919
42034939
42034981
42034991
42035003
42035017
42035029
42035083
42035093
42035141
42035143
42035167
42035171
42035173
42035243
42035281
42035303
42035311
42035321
42035341
42035359
42035369
42035393
42035417
42035431
42035447
42035489
42035491
42035507
42035533
42035563
42035641
42035647
42035677
42035681
42035683
42035711
42035779
42035797
42035801
42035803
42035839
42035863
42035879
42035891
42035899
42035909
42035911
42035921
42035941
42035957
42035977
42035989
42036011
42036041
42036077
42036091
42036119
42036149
42036161
42036173
42036179
42036187
42036191
42036199
42036209
42036221
42036271
42036277
42036307
42036311
42036317
42036347
42036349
42036353
42036373
42036389
42036409
42036431
42036443
42036469
42036481
42036487
42036509
42036581
42036583
42036623
42036629
42036637
42036641
42036647
42036649
42036653
42036661
42036691
42036703
42036737
42036779
42036781
42036803
42036809
42036811
42036821
42036823
42036829
42036853
42036857
42036859
42036877
42036889
42036913
42036919
42036989
42037001
42037019
42037027
42037033
42037057
42037111
42037133
42037157
42037189
42037199
42037201
42037213
42037283
42037297
42037339
42037351
42037361
42037363
42037403
42037409
42037451
42037453
42037477
42037483
42037511
42037517
42037529
42037547
42037553
42037573
42037579
42037603
42037621
42037673
42037679
42037691
42037727
42037739
42037771
42037777
42037781
42037799
42037811
42037837
42037843
42037847
42037867
42037901
42037969
42037979
42037987
42038021
42038041
42038057
42038083
42038107
42038123
42038131
42038141
42038159
42038173
42038207
42038209
42038221
42038239
42038303
42038309
42038323
42038369
42038377
42038383
42038453
42038471
42038473
42038483
42038497
42038509
42038531
42038537
42038561
42038567
42038609
42038611
42038617
42038627
42038629
42038663
42038669
42038683
42038707
42038713
42038723
42038741
42038767
42038783
42038797
42038809
42038813
42038837
42038839
42038897
42038903
42038921
42038933
42038947
42038957
42038987
42038989
42039013
42039037
42039043
42039047
42039071
42039073
42039089
42039091
42039097
42039119
42039143
42039149
42039161
42039163
42039223
42039247
42039271
42039287
42039293
42039311
42039323
42039353
42039373
42039443
42039449
42039461
42039463
42039467
42039523
42039539
42039541
42039559
42039563
42039581
42039593
42039601
42039611
42039629
42039631
42039677
42039707
42039721
42039727
42039743
42039757
42039769
42039779
42039841
42039857
42039863
42039869
42039871
42039889
42039901
42039931
42039947
42039953
42039967
42040007
42040051
42040069
42040093
42040109
42040121
42040151
42040157
42040199
42040249
42040253
42040259
42040277
42040301
42040321
42040351
42040373
42040387
42040409
42040417
42040421
42040447
42040451
42040463
42040469
42040601
42040613
42040631
42040637
42040667
42040679
42040697
42040709
42040717
42040721
42040723
42040751
42040759
42040771
42040777
42040829
42040837
42040853
42040879
42040891
42040897
42040909
42040927
42040931
42040961
42040963
42040979
42040993
42041011
42041047
42041059
42041071
42041089
42041101
42041107
42041141
42041173
42041183
42041231
42041257
42041273
42041297
42041299
42041341
42041347
42041353
42041369
42041381
42041399
42041411
42041431
42041497
42041507
42041513
42041533
42041543
42041557
42041563
42041569
42041579
42041581
42041603
42041609
42041621
42041633
42041639
42041647
42041653
42041669
42041719
42041729
42041743
42041759
42041767
42041771
42041777
42041827
42041843
42041863
42041887
42041893
42041911
42041929
42041939
42041959
42041963
42041977
42041981
42042023
42042053
42042059
42042061
42042103
42042109
42042151
42042157
42042167
42042191
42042211
42042227
42042263
42042271
42042283
42042311
42042313
42042317
42042331
42042349
42042389
42042439
42042491
42042509
42042521
42042523
42042527
42042529
42042557
42042569
42042587
42042599
42042601
42042647
42042659
42042673
42042677
42042703
42042719
42042743
42042809
42042811
42042821
42042823
42042829
42042901
42042907
42042911
42042937
42042941
42042943
42042961
42043003
42043019
42043021
42043033
42043039
42043049
42043073
42043087
42043093
42043097
42043117
42043139
42043201
42043217
42043229
42043249
42043259
42043273
42043279
42043283
42043291
42043297
42043303
42043319
42043321
42043357
42043367
42043369
42043373
42043399
42043411
42043423
42043429
42043439
42043451
42043453
42043481
42043483
42043513
42043531
42043549
42043553
42043559
42043597
42043621
42043627
42043633
42043643
42043667
42043691
42043711
42043739
42043741
42043763
42043769
42043817
42043829
42043847
42043871
42043913
42043919
42043921
42043933
42043943
42043949
42043961
42043993
42044047
42044053
42044059
42044081
42044083
42044089
42044117
42044159
42044183
42044203
42044237
42044251
42044263
42044267
42044269
42044279
42044297
42044323
42044333
42044357
42044371
42044377
42044389
42044399
42044407
42044413
42044419
42044441
42044447
42044459
42044467
42044479
42044491
42044501
42044531
42044551
42044573
42044593
42044599
42044609
42044623
42044627
42044633
42044647
42044657
42044659
42044699
42044707
42044731
42044749
42044753
42044767
42044789
42044801
42044813
42044833
42044869
42044881
42044887
42044903
42044917
42044939
42044957
42044971
42045011
42045019
42045037
42045053
42045103
42045109
42045121
42045139
42045151
42045161
42045181
42045191
42045197
42045203
42045217
42045239
42045259
42045281
42045313
42045323
42045427
42045439
42045463
42045481
42045491
42045511
42045533
42045581
42045631
42045637
42045659
42045667
42045671
42045677
42045697
42045713
42045719
42045739
42045761
42045767
42045779
42045791
42045797
42045821
42045823
42045833
42045851
42045877
42045893
42045901
42045943
42045953
42045961
42045967
42045973
42045977
42045989
42046007
42046087
42046099
42046111
42046187
42046189
42046241
42046289
42046307
42046309
42046313
42046343
42046349
42046357
42046363
42046387
42046391
42046397
42046421
42046471
42046489
42046513
42046517
42046519
42046531
42046619
42046643
42046651
42046657
42046663
42046673
42046679
42046709
42046747
42046769
42046777
42046793
42046817
42046841
42046847
42046877
42046903
42046937
42046957
42046987
42046993
42047003
42047009
42047023
42047087
42047107
42047111
42047141
42047147
42047167
42047183
42047189
42047221
42047227
42047233
42047293
42047321
42047333
42047351
42047363
42047371
42047387
42047417
42047431
42047441
42047449
42047459
42047479
42047521
42047531
42047539
42047561
42047569
42047573
42047581
42047609
42047617
42047623
42047633
42047653
42047669
42047693
42047701
42047711
42047713
42047723
42047729
42047737
42047743
42047773
42047791
42047801
42047821
42047861
42047867
42047881
42047909
42047911
42047959
42047977
42047983
42047989
42048011
42048029
42048031
42048037
42048043
42048047
42048079
42048119
42048161
42048187
42048199
42048229
42048233
42048241
42048257
42048263
42048269
42048277
42048283
42048299
42048313
42048319
42048341
42048343
42048359
42048371
42048389
42048397
42048403
42048407
42048427
42048467
42048499
42048509
42048527
42048553
42048569
42048583
42048607
42048641
42048647
42048659
42048683
42048689
42048697
42048707
42048709
42048719
42048779
42048793
42048817
42048829
42048833
42048847
42048857
42048859
42048893
42048901
42048907
42048911
42048917
42048931
42048961
42048971
42048977
42048997
42049001
42049003
42049013
42049031
42049061
42049081
42049169
42049171
42049243
42049283
42049303
42049321
42049331
42049351
42049363
42049373
42049379
42049417
42049429
42049433
42049457
42049463
42049487
42049493
42049499
42049529
42049541
42049561
42049577
42049591
42049607
42049613
42049627
42049643
42049661
42049663
42049697
42049703
42049747
42049751
42049757
42049769
42049783
42049817
42049837
42049867
42049873
42049877
42049927
42049939
42049951
42049967
42049991
42050039
42050053
42050077
42050089
42050119
42050159
42050171
42050189
42050201
42050213
42050221
42050227
42050237
42050269
42050273
42050293
42050311
42050317
42050381
42050387
42050423
42050443
42050447
42050479
42050483
42050497
42050513
42050521
42050563
42050573
42050579
42050587
42050599
42050623
42050633
42050641
42050651
42050653
42050669
42050699
42050731
42050737
42050753
42050779
42050791
42050821
42050839
42050851
42050863
42050867
42050891
42050909
42050927
42050941
42050951
42050959
42050977
42050999
42051007
42051017
42051019
42051043
42051077
42051083
42051091
42051151
42051157
42051167
42051169
42051193
42051211
42051223
42051239
42051271
42051293
42051299
42051307
42051311
42051329
42051349
42051391
42051403
42051461
42051467
42051487
42051491
42051517
42051533
42051539
42051547
42051551
42051587
42051589
42051619
42051671
42051673
42051677
42051689
42051697
42051703
42051767
42051799
42051803
42051833
42051847
42051851
42051853
42051857
42051899
42051901
42051907
42051923
42051941
42051953
42051967
42051983
42051991
42052007
42052039
42052051
42052061
42052063
42052069
42052079
42052147
42052163
42052181
42052217
42052229
42052243
42052247
42052261
42052277
42052319
42052333
42052343
42052369
42052379
42052403
42052447
42052457
42052459
42052477
42052499
42052513
42052559
42052597
42052613
42052627
42052651
42052657
42052687
42052711
42052721
42052723
42052739
42052741
42052789
42052793
42052799
42052807
42052817
42052823
42052841
42052853
42052867
42052877
42052897
42052919
42052931
42052939
42052949
42052961
42053041
42053051
42053093
42053107
42053113
42053147
42053159
42053171
42053173
42053191
42053233
42053239
42053273
42053279
42053281
42053303
42053311
42053317
42053321
42053351
42053353
42053377
42053381
42053387
42053419
42053443
42053447
42053449
42053483
42053503
42053521
42053533
42053551
42053581
42053587
42053629
42053647
42053653
42053717
42053749
42053761
42053771
42053779
42053831
42053873
42053917
42053923
42053927
42053951
42053983
42054017
42054029
42054037
42054109
42054119
42054127
42054139
42054157
42054203
42054211
42054217
42054227
42054269
42054283
42054319
42054323
42054329
42054347
42054349
42054361
42054407
42054421
42054431
42054449
42054451
42054461
42054487
42054499
42054503
42054517
42054527
42054539
42054541
42054577
42054587
42054601
42054629
42054647
42054659
42054667
42054671
42054673
42054697
42054703
42054713
42054737
42054757
42054767
42054827
42054839
42054841
42054851
42054863
42054877
42054899
42054911
42054913
42054931
42054973
42055019
42055033
42055099
42055103
42055121
42055147
42055183
42055193
42055207
42055213
42055219
42055231
42055253
42055261
42055357
42055367
42055393
42055397
42055411
42055451
42055471
42055483
42055487
42055511
42055543
42055567
42055583
42055649
42055681
42055691
42055703
42055711
42055723
42055733
42055787
42055789
42055817
42055831
42055837
42055843
42055861
42055877
42055879
42055883
42055903
42055907
42055919
42055921
42055961
42055963
42055969
42055973
42055997
42056009
42056041
42056059
42056071
42056089
42056093
42056143
42056159
42056171
42056173
42056191
42056207
42056221
42056263
42056269
42056303
42056359
42056381
42056393
42056411
42056423
42056449
42056459
42056471
42056477
42056513
42056527
42056533
42056543
42056551
42056561
42056603
42056621
42056629
42056653
42056659
42056711
42056737
42056741
42056767
42056783
42056803
42056809
42056831
42056837
42056849
42056867
42056891
42056897
42056933
42056947
42056957
42056977
42057007
42057011
42057017
42057019
42057073
42057077
42057079
42057083
42057101
42057109
42057137
42057149
42057161
42057181
42057233
42057247
42057259
42057277
42057283
42057287
42057289
42057293
42057299
42057329
42057331
42057373
42057401
42057413
42057437
42057481
42057523
42057529
42057539
42057571
42057599
42057623
42057629
42057671
42057679
42057721
42057733
42057739
42057761
42057791
42057797
42057803
42057817
42057839
42057871
42057877
42057893
42057901
42057907
42057919
42057931
42057959
42057989
42058013
42058021
42058031
42058069
42058073
42058109
42058127
42058129
42058139
42058141
42058189
42058193
42058201
42058241
42058243
42058249
42058277
42058301
42058363
42058403
42058409
42058417
42058447
42058477
42058501
42058519
42058531
42058547
42058553
42058591
42058607
42058619
42058633
42058657
42058699
42058703
42058741
42058763
42058771
42058813
42058823
42058831
42058853
42058883
42058897
42058921
42058931
42058943
42058949
42058979
42058987
42059011
42059021
42059029
42059041
42059057
42059089
42059099
42059113
42059159
42059161
42059167
42059189
42059191
42059197
42059209
42059221
42059231
42059233
42059257
42059267
42059279
42059287
42059323
42059327
42059333
42059393
42059401
42059419
42059443
42059447
42059473
42059497
42059527
42059533
42059539
42059557
42059569
42059573
42059603
42059609
42059623
42059629
42059659
42059671
42059681
42059701
42059707
42059723
42059737
42059747
42059767
42059789
42059791
42059827
42059833
42059851
42059867
42059917
42059923
42059929
42059999
42060017
42060019
42060037
42060047
42060061
42060079
42060089
42060103
42060113
42060127
42060133
42060163
42060173
42060203
42060209
42060229
42060247
42060251
42060259
42060269
42060289
42060313
42060341
42060349
42060373
42060377
42060391
42060401
42060409
42060419
42060437
42060449
42060463
42060467
42060503
42060517
42060539
42060553
42060581
42060607
42060611
42060617
42060631
42060647
42060649
42060671
42060673
42060679
42060713
42060727
42060731
42060757
42060761
42060779
42060797
42060829
42060833
42060841
42060881
42060901
42060913
42060919
42060929
42060947
42060979
42060989
42061001
42061021
42061027
42061031
42061037
42061073
42061081
42061091
42061139
42061153
42061157
42061169
42061177
42061207
42061211
42061219
42061297
42061303
42061309
42061321
42061337
42061343
42061351
42061361
42061387
42061423
42061427
42061429
42061433
42061463
42061471
42061477
42061493
42061499
42061501
42061529
42061559
42061577
42061589
42061597
42061627
42061633
42061681
42061709
42061727
42061751
42061769
42061771
42061793
42061883
42061889
42061897
42061909
42061939
42061949
42061979
42062003
42062011
42062017
42062051
42062057
42062087
42062099
42062113
42062129
42062149
42062179
42062191
42062197
42062203
42062243
42062249
42062261
42062263
42062281
42062287
42062291
42062309
42062323
42062347
42062353
42062357
42062389
42062393
42062411
42062429
42062467
42062477
42062479
42062521
42062563
42062569
42062591
42062621
42062633
42062717
42062719
42062807
42062833
42062851
42062857
42062861
42062863
42062887
42062893
42062927
42062957
42063011
42063019
42063029
42063071
42063097
42063101
42063107
42063121
42063143
42063163
42063193
42063211
42063223
42063271
42063299
42063317
42063319
42063323
42063349
42063353
42063361
42063377
42063391
42063421
42063433
42063443
42063451
42063467
42063509
42063523
42063529
42063547
42063557
42063569
42063607
42063631
42063643
42063647
42063649
42063673
42063689
42063713
42063751
42063767
42063779
42063817
42063823
42063839
42063859
42063871
42063881
42063883
42063893
42063907
42063979
42064037
42064039
42064063
42064111
42064129
42064213
42064223
42064247
42064249
42064259
42064283
42064291
42064313
42064331
42064357
42064361
42064369
42064387
42064391
42064411
42064433
42064453
42064459
42064481
42064487
42064513
42064531
42064553
42064567
42064609
42064639
42064661
42064679
42064697
42064709
42064721
42064733
42064739
42064747
42064751
42064753
42064787
42064823
42064829
42064889
42064901
42064909
42064931
42064933
42064951
42064973
42065011
42065027
42065029
42065033
42065039
42065063
42065077
42065081
42065083
42065087
42065099
42065119
42065203
42065249
42065251
42065269
42065333
42065363
42065369
42065371
42065381
42065393
42065437
42065453
42065461
42065477
42065483
42065489
42065501
42065521
42065533
42065557
42065561
42065581
42065603
42065629
42065651
42065669
42065741
42065767
42065773
42065801
42065819
42065839
42065851
42065861
42065869
42065909
42065917
42065923
42065927
42065963
42065983
42066023
42066067
42066091
42066107
42066119
42066121
42066173
42066179
42066191
42066203
42066223
42066257
42066263
42066289
42066307
42066371
42066407
42066433
42066461
42066467
42066481
42066491
42066499
42066503
42066509
42066523
42066527
42066569
42066581
42066593
42066643
42066671
42066677
42066679
42066707
42066751
42066763
42066767
42066811
42066841
42066883
42066901
42066923
42066929
42066949
42066961
42066979
42066991
42067013
42067019
42067037
42067043
42067063
42067073
42067079
42067087
42067111
42067117
42067127
42067141
42067169
42067237
42067243
42067297
42067309
42067321
42067331
42067343
42067379
42067393
42067423
42067439
42067447
42067457
42067481
42067499
42067507
42067549
42067561
42067573
42067591
42067609
42067643
42067687
42067693
42067699
42067709
42067721
42067733
42067747
42067757
42067769
42067771
42067789
42067793
42067811
42067819
42067829
42067841
42067847
42067873
42067913
42067931
42067939
42067967
42067999
42068011
42068021
42068029
42068041
42068057
42068077
42068083
42068099
42068107
42068113
42068123
42068137
42068141
42068153
42068207
42068231
42068249
42068269
42068291
42068293
42068303
42068309
42068317
42068329
42068339
42068359
42068363
42068381
42068399
42068407
42068417
42068437
42068447
42068459
42068461
42068471
42068479
42068497
42068503
42068549
42068561
42068567
42068597
42068627
42068629
42068651
42068669
42068671
42068683
42068687
42068723
42068729
42068731
42068737
42068777
42068779
42068797
42068827
42068839
42068867
42068881
42068893
42068927
42068933
42068959
42068987
42068989
42069023
42069029
42069031
42069043
42069061
42069073
42069127
42069149
42069151
42069161
42069163
42069221
42069241
42069253
42069257
42069283
42069289
42069299
42069319
42069337
42069341
42069347
42069383
42069397
42069427
42069431
42069473
42069491
42069527
42069541
42069557
42069581
42069583
42069589
42069607
42069613
42069617
42069641
42069659
42069661
42069673
42069689
42069707
42069719
42069721
42069739
42069761
42069763
42069767
42069793
42069799
42069803
42069913
42069943
42069983
42069991
42069997
42070027
42070031
42070043
42070057
42070081
42070099
42070103
42070117
42070159
42070163
42070169
42070177
42070183
42070207
42070219
42070241
42070253
42070267
42070283
42070309
42070319
42070331
42070337
42070339
42070397
42070421
42070429
42070447
42070451
42070471
42070489
42070493
42070507
42070513
42070543
42070547
42070559
42070571
42070583
42070603
42070607
42070661
42070673
42070723
42070741
42070747
42070757
42070771
42070783
42070823
42070829
42070859
42070867
42070871
42070913
42070927
42070943
42070981
42070993
42071011
42071017
42071027
42071033
42071041
42071053
42071077
42071089
42071137
42071153
42071171
42071173
42071177
42071201
42071231
42071233
42071261
42071299
42071303
42071317
42071327
42071353
42071357
42071363
42071383
42071387
42071389
42071399
42071461
42071473
42071503
42071507
42071509
42071521
42071527
42071537
42071539
42071551
42071581
42071597
42071633
42071641
42071647
42071657
42071677
42071683
42071693
42071707
42071737
42071747
42071791
42071797
42071801
42071819
42071839
42071873
42071893
42071903
42071921
42071941
42071959
42071969
42071977
42071993
42071999
42072013
42072031
42072049
42072067
42072077
42072157
42072193
42072197
42072203
42072211
42072223
42072253
42072259
42072269
42072271
42072281
42072311
42072341
42072343
42072377
42072421
42072431
42072439
42072461
42072463
42072491
42072539
42072553
42072559
42072571
42072587
42072599
42072607
42072629
42072691
42072731
42072763
42072781
42072787
42072799
42072803
42072809
42072817
42072827
42072829
42072853
42072857
42072889
42072913
42072923
42072931
42073027
42073091
42073117
42073121
42073123
42073127
42073133
42073153
42073193
42073211
42073217
42073219
42073223
42073243
42073259
42073261
42073271
42073301
42073309
42073349
42073379
42073399
42073433
42073457
42073489
42073501
42073511
42073513
42073517
42073523
42073529
42073547
42073561
42073571
42073597
42073607
42073609
42073627
42073639
42073649
42073687
42073711
42073747
42073777
42073783
42073817
42073853
42073859
42073897
42073901
42073907
42073919
42073931
42073979
42073987
42073991
42074003
42074009
42074017
42074023
42074051
42074059
42074063
42074083
42074089
42074093
42074101
42074117
42074171
42074203
42074213
42074231
42074243
42074251
42074261
42074267
42074287
42074293
42074309
42074363
42074369
42074381
42074413
42074437
42074453
42074467
42074491
42074519
42074537
42074551
42074561
42074581
42074663
42074687
42074707
42074713
42074741
42074743
42074761
42074777
42074789
42074803
42074819
42074821
42074831
42074863
42074867
42074891
42074899
42074909
42074939
42074947
42074953
42074959
42074993
42074999
42075001
42075023
42075037
42075041
42075049
42075053
42075071
42075109
42075127
42075133
42075151
42075197
42075217
42075247
42075301
42075311
42075337
42075359
42075361
42075379
42075403
42075413
42075499
42075511
42075559
42075569
42075571
42075599
42075601
42075617
42075619
42075643
42075647
42075653
42075659
42075689
42075701
42075713
42075743
42075751
42075757
42075767
42075793
42075821
42075827
42075841
42075871
42075941
42075967
42075983
42076009
42076019
42076033
42076043
42076049
42076057
42076063
42076109
42076121
42076147
42076163
42076171
42076193
42076211
42076213
42076217
42076247
42076249
42076253
42076261
42076319
42076339
42076367
42076379
42076387
42076417
42076423
42076457
42076483
42076501
42076549
42076589
42076607
42076613
42076627
42076679
42076681
42076721
42076739
42076777
42076781
42076789
42076823
42076841
42076843
42076847
42076861
42076877
42076897
42076927
42076939
42076997
42077003
42077027
42077041
42077047
42077083
42077117
42077141
42077171
42077209
42077213
42077239
42077257
42077279
42077293
42077303
42077311
42077317
42077333
42077341
42077353
42077359
42077377
42077393
42077411
42077417
42077423
42077449
42077467
42077479
42077531
42077551
42077573
42077587
42077591
42077611
42077657
42077677
42077681
42077683
42077699
42077701
42077719
42077729
42077731
42077743
42077759
42077773
42077801
42077803
42077807
42077851
42077863
42077887
42077897
42077911
42077939
42077947
42077957
42077977
42077993
42077999
42078059
42078083
42078089
42078097
42078107
42078121
42078143
42078161
42078167
42078173
42078181
42078187
42078233
42078241
42078277
42078299
42078307
42078313
42078371
42078373
42078389
42078397
42078401
42078403
42078409
42078419
42078433
42078437
42078457
42078511
42078527
42078541
42078557
42078607
42078629
42078649
42078671
42078679
42078691
42078709
42078719
42078737
42078761
42078769
42078809
42078821
42078853
42078871
42078917
42078929
42078989
42079013
42079031
42079033
42079039
42079043
42079049
42079067
42079099
42079109
42079117
42079159
42079181
42079187
42079201
42079207
42079223
42079229
42079231
42079237
42079253
42079277
42079313
42079333
42079339
42079361
42079391
42079393
42079421
42079439
42079441
42079451
42079459
42079481
42079483
42079501
42079507
42079511
42079549
42079561
42079577
42079579
42079601
42079603
42079613
42079621
42079633
42079643
42079651
42079657
42079663
42079669
42079703
42079729
42079747
42079753
42079769
42079771
42079787
42079789
42079837
42079847
42079871
42079883
42079897
42079909
42079931
42079937
42079963
42079967
42079979
42079987
42080011
42080021
42080023
42080029
42080069
42080089
42080099
42080107
42080111
42080123
42080141
42080149
42080153
42080191
42080197
42080257
42080267
42080279
42080281
42080303
42080327
42080371
42080387
42080407
42080411
42080413
42080417
42080429
42080447
42080453
42080461
42080471
42080483
42080503
42080513
42080527
42080543
42080551
42080567
42080641
42080657
42080663
42080669
42080683
42080699
42080723
42080761
42080767
42080771
42080791
42080807
42080821
42080837
42080849
42080879
42080881
42080893
42080921
42080947
42080957
42080963
42080971
42080977
42081019
42081089
42081113
42081139
42081163
42081197
42081199
42081227
42081241
42081301
42081317
42081383
42081401
42081451
42081461
42081491
42081493
42081499
42081509
42081517
42081541
42081569
42081583
42081619
42081659
42081667
42081671
42081701
42081707
42081719
42081773
42081791
42081803
42081811
42081847
42081857
42081863
42081869
42081877
42081883
42081901
42081917
42081943
42082003
42082037
42082043
42082049
42082057
42082069
42082081
42082099
42082121
42082127
42082133
42082141
42082147
42082171
42082177
42082181
42082193
42082211
42082213
42082223
42082241
42082247
42082267
42082289
42082301
42082303
42082471
42082483
42082501
42082519
42082541
42082543
42082613
42082631
42082637
42082657
42082661
42082679
42082693
42082699
42082723
42082757
42082763
42082783
42082787
42082811
42082819
42082823
42082877
42082883
42082889
42082913
42082919
42082927
42082969
42082981
42082987
42083003
42083017
42083029
42083033
42083039
42083051
42083099
42083117
42083141
42083149
42083201
42083227
42083231
42083243
42083257
42083267
42083273
42083281
42083287
42083291
42083311
42083339
42083341
42083417
42083441
42083453
42083477
42083479
42083497
42083513
42083521
42083533
42083543
42083563
42083567
42083593
42083597
42083599
42083621
42083623
42083641
42083663
42083677
42083711
42083737
42083773
42083777
42083801
42083819
42083831
42083869
42083897
42083929
42083939
42083947
42083981
42083983
42084001
42084023
42084037
42084041
42084073
42084079
42084103
42084109
42084121
42084127
42084131
42084139
42084151
42084179
42084187
42084193
42084233
42084239
42084247
42084253
42084269
42084283
42084293
42084311
42084313
42084349
42084353
42084397
42084407
42084421
42084431
42084463
42084467
42084473
42084479
42084529
42084533
42084541
42084547
42084587
42084589
42084607
42084631
42084661
42084671
42084683
42084689
42084697
42084727
42084739
42084761
42084767
42084769
42084773
42084803
42084811
42084821
42084827
42084839
42084841
42084859
42084883
42084899
42084907
42084923
42084941
42084961
42084971
42085007
42085049
42085051
42085091
42085093
42085097
42085123
42085129
42085139
42085187
42085207
42085279
42085291
42085301
42085327
42085357
42085363
42085367
42085369
42085403
42085411
42085429
42085451
42085457
42085471
42085493
42085499
42085501
42085517
42085543
42085553
42085559
42085567
42085579
42085601
42085619
42085643
42085649
42085661
42085679
42085711
42085753
42085759
42085781
42085783
42085787
42085789
42085793
42085801
42085811
42085819
42085831
42085847
42085853
42085861
42085867
42085877
42085919
42085933
42085951
42085957
42085961
42085973
42085987
42085991
42086017
42086041
42086087
42086119
42086123
42086147
42086183
42086201
42086257
42086269
42086327
42086347
42086351
42086371
42086383
42086393
42086419
42086423
42086431
42086449
42086461
42086477
42086497
42086563
42086579
42086591
42086593
42086609
42086621
42086633
42086669
42086677
42086683
42086699
42086771
42086777
42086783
42086819
42086827
42086831
42086867
42086873
42086879
42086887
42086903
42086939
42086953
42086959
42086969
42087029
42087037
42087061
42087151
42087169
42087187
42087191
42087203
42087211
42087251
42087259
42087281
42087301
42087307
42087341
42087343
42087349
42087371
42087373
42087403
42087431
42087433
42087449
42087467
42087469
42087481
42087503
42087509
42087523
42087533
42087541
42087587
42087623
42087629
42087637
42087649
42087653
42087697
42087707
42087713
42087719
42087737
42087751
42087763
42087779
42087797
42087823
42087887
42087893
42087901
42087911
42087919
42088003
42088027
42088031
42088037
42088051
42088069
42088087
42088117
42088121
42088133
42088157
42088159
42088199
42088213
42088217
42088237
42088259
42088273
42088283
42088289
42088313
42088327
42088339
42088373
42088399
42088463
42088469
42088471
42088489
42088493
42088507
42088517
42088523
42088531
42088537
42088561
42088567
42088577
42088589
42088601
42088603
42088621
42088637
42088639
42088649
42088681
42088687
42088693
42088703
42088727
42088733
42088757
42088759
42088763
42088769
42088777
42088789
42088817
42088877
42088883
42088903
42088913
42088927
42088939
42088973
42088999
42089029
42089053
42089071
42089081
42089101
42089107
42089119
42089167
42089171
42089183
42089189
42089191
42089209
42089213
42089219
42089231
42089233
42089269
42089273
42089279
42089293
42089323
42089347
42089357
42089363
42089407
42089417
42089429
42089431
42089441
42089447
42089459
42089483
42089497
42089507
42089521
42089533
42089557
42089591
42089639
42089651
42089681
42089687
42089713
42089753
42089771
42089777
42089779
42089809
42089813
42089837
42089849
42089851
42089899
42089917
42089963
42090017
42090029
42090031
42090043
42090071
42090091
42090101
42090119
42090131
42090197
42090199
42090227
42090247
42090259
42090277
42090319
42090359
42090361
42090371
42090401
42090403
42090407
42090449
42090457
42090463
42090469
42090493
42090509
42090523
42090527
42090557
42090577
42090583
42090613
42090649
42090701
42090707
42090731
42090733
42090739
42090749
42090773
42090781
42090787
42090821
42090857
42090869
42090889
42090899
42090949
42090973
42091003
42091009
42091019
42091033
42091039
42091067
42091079
42091097
42091117
42091129
42091139
42091141
42091157
42091183
42091193
42091199
42091207
42091277
42091319
42091321
42091333
42091349
42091363
42091391
42091409
42091411
42091421
42091429
42091433
42091451
42091463
42091481
42091493
42091519
42091523
42091529
42091531
42091547
42091559
42091561
42091589
42091591
42091601
42091613
42091619
42091627
42091639
42091657
42091663
42091691
42091723
42091729
42091747
42091781
42091787
42091801
42091807
42091823
42091913
42091921
42091937
42091939
42091943
42091967
42091993
42091997
42091999
42092023
42092027
42092033
42092041
42092077
42092081
42092101
42092107
42092131
42092143
42092159
42092173
42092177
42092191
42092209
42092233
42092243
42092251
42092263
42092269
42092287
42092317
42092333
42092339
42092359
42092377
42092411
42092419
42092423
42092431
42092437
42092443
42092473
42092497
42092521
42092539
42092551
42092579
42092591
42092593
42092627
42092641
42092647
42092669
42092671
42092681
42092693
42092707
42092711
42092741
42092747
42092797
42092801
42092807
42092821
42092863
42092873
42092879
42092881
42092893
42092909
42092929
42092959
42092983
42092993
42093011
42093067
42093089
42093091
42093097
42093119
42093127
42093143
42093157
42093199
42093209
42093217
42093251
42093253
42093263
42093277
42093281
42093287
42093307
42093329
42093349
42093361
42093391
42093421
42093433
42093437
42093451
42093463
42093481
42093497
42093503
42093523
42093551
42093559
42093563
42093589
42093613
42093619
42093631
42093637
42093641
42093671
42093673
42093719
42093739
42093781
42093809
42093823
42093833
42093851
42093899
42093913
42093943
42093967
42093977
42094007
42094009
42094021
42094037
42094043
42094061
42094067
42094069
42094103
42094127
42094141
42094147
42094181
42094189
42094207
42094211
42094229
42094237
42094309
42094387
42094391
42094417
42094427
42094433
42094441
42094447
42094487
42094489
42094513
42094517
42094523
42094537
42094541
42094543
42094579
42094589
42094603
42094607
42094609
42094649
42094673
42094687
42094733
42094753
42094781
42094817
42094837
42094841
42094849
42094867
42094883
42094889
42094891
42094909
42094933
42094951
42094957
42094981
42095023
42095059
42095087
42095113
42095161
42095167
42095171
42095201
42095257
42095299
42095399
42095419
42095441
42095447
42095453
42095491
42095509
42095513
42095527
42095539
42095569
42095591
42095593
42095623
42095633
42095653
42095693
42095699
42095701
42095707
42095717
42095719
42095731
42095743
42095759
42095771
42095789
42095797
42095813
42095821
42095831
42095869
42095873
42095897
42095929
42095941
42095953
42095959
42095987
42095993
42096007
42096017
42096037
42096083
42096091
42096137
42096163
42096169
42096179
42096181
42096227
42096247
42096259
42096281
42096287
42096293
42096311
42096319
42096337
42096361
42096391
42096427
42096433
42096449
42096479
42096499
42096529
42096541
42096547
42096583
42096589
42096611
42096619
42096623
42096629
42096643
42096671
42096673
42096701
42096707
42096721
42096737
42096749
42096773
42096779
42096797
42096827
42096829
42096839
42096863
42096917
42096953
42096979
42096997
42097021
42097087
42097093
42097109
42097147
42097169
42097177
42097189
42097213
42097261
42097277
42097303
42097327
42097333
42097397
42097403
42097463
42097481
42097487
42097493
42097499
42097501
42097511
42097513
42097519
42097537
42097541
42097547
42097577
42097591
42097603
42097619
42097633
42097651
42097691
42097697
42097723
42097733
42097753
42097777
42097789
42097807
42097813
42097819
42097829
42097837
42097841
42097877
42097883
42097919
42097931
42097949
42097963
42097987
42097997
42097999
42098009
42098011
42098033
42098039
42098047
42098051
42098083
42098099
42098107
42098131
42098141
42098143
42098149
42098153
42098159
42098191
42098197
42098209
42098213
42098237
42098249
42098261
42098269
42098299
42098317
42098321
42098327
42098351
42098359
42098369
42098393
42098437
42098449
42098453
42098467
42098521
42098531
42098543
42098557
42098561
42098597
42098599
42098629
42098659
42098663
42098687
42098701
42098741
42098767
42098773
42098789
42098803
42098827
42098839
42098843
42098891
42098909
42098911
42098929
42098939
42098963
42098989
42098999
42099017
42099049
42099061
42099073
42099091
42099143
42099149
42099163
42099203
42099221
42099227
42099287
42099289
42099301
42099313
42099341
42099349
42099373
42099389
42099413
42099433
42099443
42099461
42099467
42099469
42099523
42099529
42099539
42099553
42099557
42099593
42099613
42099697
42099703
42099713
42099719
42099727
42099737
42099773
42099779
42099791
42099797
42099809
42099817
42099823
42099847
42099859
42099901
42099923
42099949
42099961
42099971
42099977
42100001
42100013
42100027
42100031
42100033
42100039
42100061
42100063
42100081
42100087
42100103
42100111
42100151
42100169
42100171
42100193
42100207
42100213
42100229
42100249
42100273
42100301
42100307
42100337
42100351
42100361
42100363
42100367
42100369
42100379
42100403
42100423
42100433
42100439
42100451
42100463
42100477
42100493
42100501
42100519
42100543
42100549
42100559
42100607
42100613
42100631
42100661
42100679
42100693
42100699
42100703
42100733
42100753
42100757
42100769
42100771
42100811
42100819
42100831
42100853
42100889
42100901
42100909
42100943
42100957
42100987
42100997
42101021
42101039
42101047
42101077
42101089
42101099
42101113
42101117
42101119
42101149
42101167
42101177
42101203
42101209
42101249
42101261
42101273
42101287
42101309
42101327
42101329
42101341
42101357
42101369
42101377
42101399
42101419
42101467
42101471
42101513
42101531
42101551
42101561
42101567
42101573
42101617
42101621
42101623
42101641
42101659
42101681
42101693
42101737
42101767
42101779
42101789
42101791
42101797
42101803
42101821
42101827
42101837
42101903
42101909
42101921
42101923
42101963
42101993
42102019
42102037
42102059
42102089
42102091
42102103
42102107
42102131
42102133
42102143
42102161
42102173
42102187
42102191
42102199
42102257
42102283
42102293
42102311
42102317
42102343
42102349
42102373
42102409
42102419
42102427
42102439
42102451
42102457
42102469
42102481
42102493
42102509
42102517
42102521
42102527
42102539
42102563
42102583
42102631
42102653
42102661
42102691
42102701
42102721
42102773
42102791
42102793
42102821
42102839
42102887
42102889
42102899
42102911
42102923
42102937
42102943
42102959
42102967
42102979
42103043
42103057
42103093
42103123
42103153
42103189
42103199
42103219
42103231
42103249
42103267
42103283
42103291
42103309
42103337
42103357
42103361
42103367
42103379
42103387
42103393
42103417
42103427
42103429
42103469
42103471
42103511
42103513
42103541
42103613
42103627
42103631
42103637
42103643
42103657
42103661
42103693
42103697
42103703
42103727
42103729
42103739
42103771
42103811
42103813
42103819
42103861
42103877
42103907
42103909
42103927
42103931
42103949
42103979
42103987
42104003
42104011
42104017
42104033
42104063
42104071
42104119
42104131
42104141
42104159
42104177
42104203
42104239
42104243
42104269
42104273
42104281
42104287
42104297
42104299
42104327
42104333
42104357
42104389
42104431
42104441
42104449
42104473
42104477
42104509
42104519
42104521
42104533
42104539
42104593
42104659
42104669
42104677
42104681
42104683
42104707
42104717
42104719
42104729
42104747
42104753
42104761
42104771
42104773
42104791
42104807
42104813
42104833
42104837
42104861
42104863
42104911
42104939
42104947
42104957
42104983
42105031
42105047
42105053
42105079
42105101
42105109
42105139
42105143
42105179
42105181
42105191
42105211
42105221
42105229
42105247
42105251
42105253
42105263
42105313
42105317
42105331
42105391
42105407
42105449
42105461
42105491
42105493
42105523
42105563
42105599
42105607
42105611
42105619
42105629
42105631
42105641
42105649
42105689
42105697
42105727
42105731
42105737
42105757
42105773
42105779
42105827
42105841
42105851
42105863
42105887
42105907
42105913
42105929
42105953
42105977
42106013
42106039
42106049
42106061
42106063
42106067
42106069
42106079
42106087
42106133
42106157
42106171
42106177
42106187
42106201
42106241
42106249
42106271
42106279
42106283
42106291
42106343
42106369
42106387
42106397
42106403
42106423
42106453
42106483
42106499
42106513
42106541
42106613
42106657
42106663
42106681
42106693
42106697
42106733
42106759
42106787
42106789
42106817
42106829
42106849
42106873
42106901
42106903
42106919
42106957
42106969
42106973
42106991
42106993
42107017
42107029
42107111
42107129
42107239
42107257
42107291
42107293
42107309
42107339
42107341
42107357
42107381
42107383
42107437
42107447
42107479
42107489
42107491
42107497
42107501
42107519
42107531
42107539
42107543
42107551
42107573
42107581
42107587
42107609
42107647
42107671
42107677
42107713
42107717
42107719
42107731
42107749
42107753
42107773
42107783
42107801
42107831
42107851
42107867
42107921
42107927
42107987
42108007
42108019
42108049
42108067
42108089
42108091
42108119
42108127
42108149
42108163
42108173
42108181
42108191
42108211
42108217
42108229
42108233
42108259
42108281
42108289
42108293
42108301
42108347
42108349
42108401
42108431
42108449
42108463
42108491
42108511
42108527
42108529
42108533
42108557
42108559
42108587
42108589
42108593
42108601
42108611
42108613
42108623
42108631
42108641
42108683
42108691
42108697
42108721
42108743
42108811
42108821
42108839
42108863
42108877
42108907
42108919
42108967
42109003
42109007
42109013
42109037
42109043
42109049
42109057
42109063
42109079
42109087
42109097
42109099
42109117
42109121
42109141
42109163
42109183
42109201
42109211
42109229
42109237
42109241
42109261
42109267
42109271
42109283
42109307
42109373
42109381
42109409
42109423
42109447
42109451
42109511
42109519
42109531
42109547
42109559
42109577
42109597
42109601
42109609
42109693
42109709
42109721
42109729
42109733
42109741
42109751
42109763
42109777
42109787
42109813
42109843
42109853
42109883
42109889
42109891
42109897
42109913
42109927
42109937
42109939
42109973
42109981
42109999
42110017
42110027
42110039
42110053
42110063
42110113
42110119
42110141
42110153
42110161
42110209
42110227
42110273
42110281
42110293
42110303
42110347
42110381
42110389
42110399
42110413
42110443
42110473
42110489
42110503
42110507
42110569
42110573
42110587
42110603
42110609
42110611
42110633
42110671
42110687
42110743
42110753
42110767
42110777
42110807
42110851
42110891
42110933
42110947
42110969
42110983
42110993
42111001
42111007
42111053
42111071
42111077
42111079
42111101
42111119
42111131
42111211
42111247
42111253
42111257
42111259
42111263
42111269
42111281
42111287
42111313
42111341
42111343
42111347
42111359
42111379
42111401
42111403
42111409
42111473
42111481
42111493
42111527
42111529
42111541
42111569
42111593
42111611
42111623
42111659
42111673
42111679
42111691
42111697
42111701
42111739
42111743
42111761
42111787
42111791
42111829
42111877
42111893
42111911
42111913
42111929
42111943
42111947
42111983
42111997
42112001
42112061
42112067
42112079
42112127
42112129
42112139
42112153
42112163
42112171
42112183
42112193
42112201
42112211
42112261
42112297
42112331
42112361
42112363
42112403
42112409
42112463
42112481
42112507
42112513
42112537
42112559
42112571
42112589
42112591
42112613
42112639
42112643
42112661
42112709
42112711
42112769
42112801
42112817
42112879
42112907
42112921
42112957
42112981
42112991
42112999
42113003
42113009
42113047
42113077
42113087
42113107
42113143
42113173
42113219
42113231
42113237
42113261
42113293
42113311
42113317
42113333
42113341
42113347
42113371
42113377
42113411
42113417
42113431
42113459
42113479
42113497
42113501
42113521
42113527
42113549
42113569
42113609
42113611
42113629
42113639
42113651
42113677
42113681
42113693
42113699
42113707
42113719
42113723
42113737
42113761
42113783
42113789
42113791
42113801
42113831
42113843
42113849
42113917
42113923
42113933
42113941
42113957
42113963
42113969
42113971
42114001
42114019
42114041
42114043
42114047
42114053
42114067
42114073
42114091
42114131
42114133
42114161
42114167
42114169
42114187
42114197
42114239
42114301
42114323
42114361
42114367
42114379
42114427
42114433
42114481
42114493
42114497
42114511
42114521
42114529
42114539
42114551
42114557
42114563
42114577
42114581
42114599
42114607
42114617
42114643
42114689
42114707
42114719
42114727
42114767
42114823
42114829
42114841
42114869
42114881
42114883
42114893
42114901
42114911
42114937
42114959
42114971
42114973
42114977
42115009
42115027
42115049
42115079
42115097
42115121
42115127
42115133
42115147
42115187
42115207
42115217
42115219
42115223
42115237
42115253
42115303
42115313
42115331
42115349
42115351
42115373
42115387
42115397
42115399
42115417
42115421
42115427
42115429
42115433
42115441
42115459
42115483
42115499
42115501
42115517
42115523
42115543
42115547
42115589
42115607
42115637
42115643
42115649
42115663
42115693
42115699
42115727
42115741
42115753
42115757
42115771
42115789
42115813
42115831
42115841
42115861
42115883
42115933
42115937
42115939
42115961
42116017
42116051
42116069
42116071
42116083
42116093
42116111
42116119
42116153
42116159
42116167
42116189
42116209
42116213
42116219
42116227
42116251
42116257
42116281
42116287
42116311
42116317
42116339
42116351
42116353
42116359
42116387
42116411
42116423
42116461
42116513
42116533
42116537
42116563
42116567
42116579
42116587
42116593
42116617
42116621
42116647
42116681
42116687
42116743
42116759
42116777
42116797
42116801
42116807
42116813
42116843
42116857
42116873
42116897
42116911
42116929
42116947
42116959
42116969
42116981
42116983
42116999
42117001
42117011
42117017
42117059
42117067
42117079
42117107
42117113
42117149
42117151
42117157
42117161
42117169
42117181
42117197
42117199
42117223
42117227
42117239
42117259
42117263
42117269
42117289
42117293
42117307
42117323
42117337
42117343
42117377
42117409
42117469
42117527
42117533
42117539
42117553
42117557
42117583
42117587
42117611
42117617
42117643
42117659
42117667
42117671
42117689
42117703
42117727
42117731
42117739
42117743
42117763
42117767
42117791
42117793
42117821
42117841
42117893
42117913
42117953
42117961
42117997
42118019
42118031
42118049
42118067
42118189
42118207
42118229
42118249
42118309
42118331
42118337
42118339
42118361
42118369
42118381
42118397
42118409
42118463
42118477
42118481
42118499
42118511
42118541
42118567
42118577
42118621
42118631
42118663
42118693
42118697
42118709
42118733
42118751
42118777
42118789
42118823
42118831
42118837
42118841
42118871
42118889
42118891
42118907
42118927
42118943
42118963
42118997
42119027
42119039
42119071
42119083
42119089
42119101
42119131
42119167
42119201
42119221
42119227
42119239
42119261
42119267
42119293
42119299
42119309
42119327
42119351
42119369
42119381
42119383
42119449
42119461
42119491
42119531
42119549
42119551
42119593
42119639
42119657
42119681
42119717
42119723
42119771
42119773
42119797
42119821
42119879
42119887
42119899
42119911
42119939
42119947
42119963
42119971
42119981
42119989
42119993
42120007
42120049
42120053
42120083
42120119
42120157
42120167
42120179
42120191
42120217
42120233
42120251
42120301
42120367
42120389
42120391
42120409
42120427
42120433
42120451
42120479
42120487
42120517
42120523
42120563
42120569
42120581
42120593
42120623
42120647
42120649
42120677
42120697
42120703
42120719
42120721
42120769
42120773
42120791
42120809
42120811
42120833
42120839
42120857
42120877
42120887
42120893
42120901
42120913
42120919
42120931
42120943
42121003
42121007
42121067
42121097
42121099
42121147
42121151
42121153
42121181
42121187
42121193
42121217
42121231
42121243
42121249
42121279
42121283
42121301
42121327
42121333
42121351
42121357
42121361
42121399
42121459
42121463
42121477
42121481
42121483
42121501
42121549
42121559
42121561
42121567
42121603
42121621
42121643
42121661
42121663
42121669
42121679
42121721
42121741
42121787
42121819
42121843
42121847
42121889
42121913
42121927
42121939
42121943
42121951
42121969
42121979
42121991
42121997
42122023
42122027
42122051
42122063
42122071
42122083
42122117
42122137
42122161
42122189
42122191
42122207
42122231
42122233
42122237
42122257
42122281
42122291
42122299
42122303
42122309
42122323
42122341
42122359
42122371
42122393
42122429
42122461
42122473
42122497
42122537
42122573
42122593
42122599
42122611
42122627
42122681
42122701
42122711
42122713
42122741
42122767
42122779
42122803
42122813
42122849
42122851
42122903
42122917
42122921
42122939
42122989
42122999
42123013
42123023
42123041
42123049
42123073
42123083
42123091
42123119
42123121
42123149
42123157
42123173
42123199
42123217
42123239
42123259
42123269
42123271
42123299
42123329
42123337
42123379
42123401
42123449
42123461
42123469
42123479
42123481
42123493
42123509
42123559
42123577
42123583
42123593
42123619
42123623
42123629
42123659
42123677
42123691
42123721
42123727
42123749
42123751
42123793
42123839
42123857
42123859
42123889
42123901
42123929
42123937
42123941
42123953
42123973
42124001
42124003
42124057
42124073
42124091
42124111
42124123
42124127
42124141
42124157
42124169
42124189
42124193
42124207
42124213
42124231
42124279
42124297
42124309
42124333
42124403
42124451
42124457
42124469
42124471
42124483
42124493
42124531
42124541
42124547
42124553
42124571
42124583
42124591
42124603
42124609
42124619
42124633
42124637
42124651
42124669
42124681
42124699
42124711
42124721
42124727
42124763
42124781
42124783
42124787
42124811
42124813
42124829
42124847
42124867
42124871
42124909
42124913
42124949
42124961
42124967
42124969
42124987
42125047
42125059
42125077
42125087
42125107
42125117
42125119
42125137
42125159
42125173
42125177
42125191
42125221
42125227
42125267
42125287
42125297
42125333
42125341
42125357
42125359
42125387
42125389
42125393
42125431
42125437
42125477
42125521
42125537
42125543
42125549
42125561
42125593
42125597
42125639
42125651
42125653
42125659
42125663
42125687
42125689
42125693
42125729
42125761
42125789
42125821
42125827
42125833
42125851
42125861
42125887
42125899
42125921
42125927
42125947
42125953
42125957
42125969
42125971
42125981
42125999
42126013
42126031
42126107
42126109
42126143
42126151
42126157
42126163
42126169
42126223
42126263
42126269
42126319
42126341
42126347
42126353
42126373
42126389
42126443
42126449
42126457
42126463
42126481
42126499
42126503
42126517
42126521
42126533
42126563
42126569
42126619
42126631
42126673
42126703
42126709
42126761
42126779
42126787
42126793
42126827
42126859
42126871
42126893
42126911
42126943
42126947
42126949
42127013
42127021
42127031
42127051
42127061
42127067
42127073
42127079
42127093
42127133
42127159
42127177
42127193
42127223
42127243
42127249
42127259
42127273
42127279
42127289
42127307
42127321
42127331
42127361
42127367
42127381
42127433
42127439
42127447
42127483
42127489
42127493
42127511
42127529
42127531
42127567
42127597
42127607
42127639
42127699
42127733
42127741
42127747
42127783
42127823
42127837
42127843
42127861
42127871
42127889
42127903
42127909
42127913
42127919
42127957
42127961
42127963
42127979
42127991
42128029
42128041
42128069
42128077
42128083
42128113
42128117
42128131
42128161
42128171
42128179
42128201
42128209
42128243
42128257
42128351
42128353
42128357
42128389
42128399
42128467
42128477
42128549
42128551
42128557
42128579
42128621
42128629
42128633
42128641
42128651
42128657
42128699
42128711
42128731
42128741
42128743
42128753
42128759
42128761
42128791
42128797
42128803
42128809
42128819
42128831
42128869
42128887
42128899
42128917
42128921
42128927
42128929
42128971
42128987
42129001
42129037
42129047
42129053
42129091
42129107
42129119
42129149
42129167
42129173
42129209
42129229
42129233
42129253
42129259
42129287
42129301
42129313
42129317
42129319
42129323
42129337
42129397
42129413
42129419
42129433
42129457
42129463
42129497
42129539
42129557
42129559
42129641
42129653
42129671
42129679
42129691
42129697
42129701
42129733
42129739
42129749
42129751
42129793
42129797
42129799
42129803
42129811
42129823
42129847
42129869
42129877
42129911
42129929
42129937
42129943
42129949
42129959
42130009
42130021
42130061
42130079
42130111
42130117
42130133
42130139
42130141
42130169
42130183
42130211
42130213
42130241
42130261
42130279
42130289
42130303
42130313
42130327
42130339
42130343
42130351
42130357
42130381
42130393
42130409
42130423
42130427
42130441
42130453
42130469
42130481
42130513
42130537
42130541
42130559
42130577
42130597
42130603
42130631
42130691
42130703
42130741
42130747
42130757
42130769
42130783
42130787
42130799
42130817
42130849
42130867
42130889
42130943
42130951
42130993
42131021
42131027
42131029
42131081
42131093
42131119
42131153
42131161
42131183
42131267
42131273
42131279
42131281
42131347
42131363
42131371
42131399
42131407
42131413
42131431
42131483
42131489
42131497
42131501
42131503
42131513
42131521
42131527
42131549
42131563
42131597
42131603
42131623
42131657
42131669
42131671
42131681
42131717
42131737
42131743
42131753
42131777
42131779
42131807
42131813
42131833
42131849
42131891
42131909
42131923
42131927
42131939
42131941
42131951
42131953
42131981
42131989
42132017
42132031
42132053
42132073
42132091
42132109
42132119
42132121
42132127
42132149
42132161
42132187
42132197
42132227
42132319
42132353
42132371
42132383
42132397
42132413
42132439
42132449
42132451
42132463
42132469
42132491
42132547
42132553
42132577
42132583
42132611
42132653
42132683
42132697
42132703
42132719
42132763
42132767
42132773
42132781
42132791
42132793
42132799
42132809
42132829
42132847
42132869
42132887
42132889
42132901
42132907
42132913
42132917
42132943
42132947
42132949
42132967
42132989
42132997
42133001
42133043
42133057
42133073
42133093
42133097
42133129
42133153
42133159
42133193
42133219
42133229
42133237
42133253
42133271
42133277
42133297
42133313
42133331
42133339
42133349
42133369
42133411
42133439
42133451
42133453
42133477
42133499
42133537
42133561
42133589
42133591
42133603
42133627
42133643
42133649
42133669
42133699
42133703
42133717
42133733
42133747
42133753
42133771
42133783
42133799
42133801
42133813
42133829
42133831
42133879
42133891
42133909
42133913
42133919
42133943
42133951
42133961
42133967
42133979
42133997
42134003
42134021
42134047
42134051
42134087
42134093
42134117
42134149
42134159
42134161
42134171
42134179
42134189
42134207
42134219
42134227
42134243
42134251
42134269
42134297
42134317
42134333
42134341
42134377
42134383
42134387
42134399
42134401
42134431
42134467
42134479
42134497
42134503
42134507
42134509
42134563
42134579
42134621
42134623
42134627
42134633
42134639
42134641
42134671
42134681
42134693
42134699
42134707
42134717
42134731
42134777
42134779
42134783
42134803
42134819
42134821
42134861
42134881
42134899
42134923
42134927
42134977
42134987
42135013
42135017
42135031
42135047
42135073
42135083
42135097
42135109
42135113
42135127
42135133
42135143
42135187
42135211
42135239
42135251
42135253
42135257
42135259
42135271
42135277
42135283
42135311
42135319
42135329
42135389
42135397
42135403
42135427
42135433
42135439
42135449
42135473
42135481
42135491
42135497
42135523
42135551
42135581
42135607
42135619
42135623
42135629
42135631
42135647
42135661
42135671
42135683
42135713
42135719
42135721
42135761
42135763
42135767
42135773
42135799
42135827
42135833
42135871
42135881
42135883
42135889
42135917
42135941
42135959
42135983
42135991
42136027
42136049
42136051
42136079
42136117
42136139
42136141
42136163
42136181
42136201
42136261
42136267
42136301
42136307
42136327
42136331
42136337
42136349
42136379
42136439
42136447
42136513
42136531
42136553
42136559
42136573
42136597
42136607
42136613
42136637
42136639
42136651
42136663
42136697
42136709
42136723
42136741
42136763
42136789
42136799
42136811
42136817
42136819
42136837
42136847
42136873
42136879
42136883
42136901
42136933
42136937
42136951
42136993
42137023
42137027
42137059
42137063
42137089
42137093
42137107
42137113
42137131
42137141
42137143
42137149
42137159
42137189
42137201
42137267
42137287
42137297
42137309
42137321
42137323
42137327
42137341
42137353
42137369
42137399
42137419
42137429
42137443
42137477
42137483
42137489
42137507
42137527
42137531
42137539
42137567
42137581
42137621
42137657
42137659
42137663
42137681
42137699
42137723
42137729
42137737
42137749
42137779
42137789
42137831
42137869
42137891
42137903
42137929
42137933
42137939
42137969
42137981
42137993
42138011
42138013
42138023
42138059
42138077
42138097
42138113
42138133
42138137
42138149
42138157
42138163
42138191
42138199
42138203
42138209
42138221
42138241
42138253
42138259
42138263
42138289
42138307
42138319
42138347
42138379
42138391
42138401
42138403
42138413
42138431
42138443
42138451
42138469
42138527
42138533
42138539
42138557
42138559
42138587
42138601
42138647
42138661
42138683
42138689
42138781
42138787
42138793
42138797
42138799
42138881
42138883
42138947
42138953
42138961
42138991
42139003
42139007
42139037
42139043
42139049
42139057
42139063
42139087
42139109
42139121
42139133
42139193
42139211
42139217
42139219
42139231
42139259
42139309
42139313
42139327
42139343
42139351
42139369
42139373
42139403
42139417
42139429
42139439
42139451
42139499
42139501
42139529
42139541
42139543
42139561
42139577
42139579
42139597
42139609
42139619
42139661
42139667
42139673
42139711
42139751
42139771
42139793
42139817
42139829
42139879
42139897
42139913
42139931
42139939
42139973
42140017
42140029
42140047
42140083
42140089
42140099
42140107
42140123
42140167
42140173
42140177
42140183
42140201
42140237
42140243
42140257
42140281
42140303
42140321
42140327
42140383
42140401
42140407
42140411
42140419
42140443
42140477
42140479
42140489
42140503
42140519
42140543
42140561
42140587
42140591
42140611
42140617
42140621
42140629
42140633
42140639
42140647
42140663
42140711
42140713
42140723
42140729
42140767
42140779
42140821
42140831
42140849
42140851
42140867
42140869
42140881
42140887
42140921
42140933
42140939
42140953
42140957
42141017
42141041
42141053
42141067
42141091
42141097
42141103
42141119
42141133
42141149
42141199
42141217
42141227
42141251
42141257
42141293
42141299
42141347
42141353
42141377
42141383
42141403
42141443
42141457
42141461
42141479
42141499
42141503
42141511
42141529
42141569
42141581
42141587
42141607
42141643
42141647
42141653
42141683
42141703
42141707
42141709
42141713
42141719
42141721
42141733
42141739
42141769
42141787
42141817
42141821
42141823
42141863
42141877
42141923
42141937
42141961
42141971
42141977
42141991
42142013
42142027
42142069
42142073
42142081
42142091
42142151
42142169
42142181
42142207
42142211
42142213
42142229
42142241
42142253
42142259
42142267
42142319
42142327
42142339
42142357
42142363
42142381
42142403
42142421
42142427
42142453
42142459
42142469
42142487
42142489
42142511
42142517
42142543
42142567
42142571
42142577
42142621
42142637
42142663
42142673
42142687
42142729
42142753
42142769
42142781
42142823
42142853
42142871
42142873
42142883
42142907
42142909
42142921
42142927
42142937
42142979
42142987
42143027
42143029
42143077
42143081
42143089
42143141
42143183
42143207
42143219
42143249
42143263
42143267
42143279
42143281
42143317
42143327
42143347
42143371
42143389
42143393
42143401
42143417
42143441
42143447
42143471
42143489
42143509
42143513
42143573
42143593
42143597
42143599
42143609
42143627
42143657
42143671
42143677
42143701
42143707
42143713
42143719
42143723
42143743
42143747
42143749
42143821
42143861
42143887
42143891
42143929
42143951
42143963
42143971
42143987
42144001
42144017
42144019
42144041
42144079
42144103
42144121
42144131
42144133
42144143
42144161
42144217
42144227
42144233
42144247
42144253
42144293
42144301
42144307
42144331
42144353
42144391
42144409
42144457
42144481
42144497
42144503
42144521
42144539
42144551
42144559
42144577
42144589
42144607
42144611
42144623
42144629
42144631
42144647
42144667
42144701
42144721
42144731
42144737
42144749
42144757
42144769
42144797
42144803
42144829
42144847
42144857
42144863
42144877
42144889
42144913
42144953
42144979
42145001
42145003
42145009
42145063
42145073
42145099
42145127
42145133
42145141
42145153
42145241
42145247
42145277
42145291
42145297
42145319
42145321
42145333
42145343
42145379
42145403
42145421
42145423
42145429
42145457
42145463
42145469
42145471
42145483
42145489
42145507
42145513
42145541
42145549
42145561
42145573
42145577
42145619
42145639
42145651
42145679
42145711
42145717
42145751
42145757
42145777
42145783
42145799
42145801
42145837
42145841
42145843
42145879
42145921
42145931
42145969
42145973
42145993
42146017
42146023
42146029
42146033
42146057
42146089
42146099
42146107
42146129
42146131
42146141
42146147
42146171
42146173
42146207
42146233
42146243
42146297
42146311
42146317
42146339
42146353
42146369
42146411
42146413
42146437
42146443
42146471
42146479
42146491
42146497
42146509
42146513
42146521
42146527
42146537
42146549
42146563
42146567
42146581
42146641
42146659
42146677
42146681
42146683
42146707
42146717
42146719
42146749
42146759
42146801
42146813
42146821
42146849
42146851
42146857
42146861
42146903
42146911
42146917
42146957
42146963
42146977
42146987
42146989
42146999
42147013
42147019
42147043
42147067
42147101
42147103
42147113
42147191
42147227
42147239
42147241
42147251
42147269
42147283
42147289
42147307
42147311
42147319
42147323
42147331
42147341
42147359
42147361
42147367
42147409
42147419
42147421
42147451
42147487
42147503
42147509
42147541
42147557
42147563
42147571
42147577
42147593
42147601
42147619
42147647
42147671
42147691
42147731
42147737
42147769
42147827
42147829
42147851
42147857
42147893
42147929
42147949
42147977
42148009
42148013
42148019
42148027
42148037
42148081
42148087
42148103
42148109
42148153
42148157
42148193
42148207
42148231
42148241
42148261
42148273
42148297
42148363
42148387
42148391
42148429
42148433
42148459
42148487
42148493
42148507
42148529
42148541
42148567
42148573
42148577
42148583
42148591
42148607
42148619
42148651
42148681
42148693
42148699
42148721
42148723
42148751
42148753
42148759
42148787
42148789
42148793
42148807
42148817
42148819
42148823
42148853
42148867
42148877
42148879
42148889
42148891
42148921
42148979
42148991
42148999
42149021
42149039
42149047
42149059
42149089
42149099
42149111
42149117
42149131
42149161
42149167
42149203
42149207
42149227
42149287
42149291
42149311
42149329
42149347
42149357
42149369
42149377
42149389
42149399
42149407
42149411
42149413
42149431
42149447
42149449
42149461
42149479
42149489
42149509
42149521
42149539
42149551
42149561
42149609
42149629
42149669
42149693
42149713
42149717
42149729
42149759
42149797
42149803
42149819
42149843
42149857
42149873
42149881
42149909
42149911
42149941
42149951
42149959
42149977
42149983
42150001
42150011
42150029
42150047
42150149
42150161
42150181
42150187
42150193
42150197
42150209
42150217
42150223
42150233
42150257
42150263
42150287
42150319
42150323
42150349
42150377
42150391
42150397
42150413
42150439
42150457
42150473
42150487
42150503
42150509
42150547
42150551
42150553
42150557
42150611
42150623
42150631
42150643
42150673
42150677
42150727
42150739
42150749
42150751
42150761
42150767
42150781
42150821
42150841
42150853
42150859
42150883
42150887
42150907
42150923
42150929
42150937
42150947
42150959
42150971
42150991
42151001
42151009
42151027
42151049
42151073
42151093
42151097
42151117
42151121
42151129
42151159
42151163
42151171
42151189
42151199
42151229
42151231
42151261
42151337
42151349
42151357
42151391
42151409
42151423
42151453
42151469
42151489
42151507
42151511
42151523
42151553
42151559
42151561
42151573
42151597
42151601
42151631
42151639
42151657
42151667
42151673
42151679
42151693
42151699
42151729
42151757
42151787
42151829
42151841
42151849
42151853
42151867
42151873
42151897
42151927
42151931
42151933
42151957
42151961
42151973
42151979
42151987
42151999
42152017
42152039
42152041
42152053
42152063
42152069
42152087
42152093
42152107
42152111
42152147
42152161
42152183
42152221
42152233
42152239
42152251
42152273
42152291
42152293
42152321
42152323
42152339
42152347
42152377
42152389
42152413
42152419
42152449
42152471
42152477
42152489
42152521
42152549
42152563
42152641
42152651
42152683
42152687
42152713
42152743
42152753
42152783
42152791
42152827
42152833
42152893
42152897
42152917
42152923
42152927
42152939
42152959
42152969
42152977
42152987
42153011
42153019
42153071
42153121
42153131
42153157
42153169
42153173
42153187
42153239
42153263
42153329
42153359
42153361
42153367
42153383
42153389
42153403
42153413
42153431
42153439
42153451
42153479
42153487
42153491
42153493
42153541
42153563
42153569
42153577
42153599
42153607
42153691
42153697
42153719
42153721
42153737
42153751
42153757
42153763
42153773
42153817
42153833
42153851
42153869
42153887
42153929
42153949
42153959
42153961
42153983
42153997
42154001
42154003
42154019
42154031
42154043
42154087
42154117
42154121
42154153
42154181
42154187
42154219
42154223
42154243
42154267
42154279
42154283
42154291
42154303
42154337
42154349
42154351
42154363
42154367
42154393
42154397
42154417
42154439
42154459
42154493
42154499
42154517
42154523
42154529
42154531
42154547
42154573
42154579
42154649
42154667
42154681
42154687
42154709
42154727
42154751
42154753
42154757
42154771
42154793
42154807
42154813
42154841
42154873
42154891
42154909
42154919
42154927
42154933
42154943
42154949
42154979
42154991
42155027
42155039
42155041
42155063
42155089
42155101
42155107
42155131
42155137
42155147
42155203
42155213
42155227
42155231
42155249
42155273
42155293
42155317
42155329
42155363
42155371
42155401
42155411
42155447
42155459
42155467
42155483
42155497
42155507
42155513
42155551
42155579
42155621
42155653
42155657
42155671
42155693
42155713
42155719
42155741
42155747
42155759
42155761
42155807
42155809
42155843
42155857
42155863
42155873
42155881
42155891
42155921
42155951
42155957
42155983
42156011
42156013
42156017
42156043
42156071
42156083
42156089
42156091
42156109
42156131
42156139
42156157
42156173
42156223
42156229
42156251
42156299
42156313
42156347
42156349
42156403
42156409
42156419
42156451
42156461
42156473
42156511
42156523
42156553
42156563
42156607
42156619
42156637
42156643
42156659
42156671
42156679
42156701
42156703
42156707
42156721
42156773
42156799
42156811
42156817
42156859
42156871
42156883
42156887
42156901
42156937
42156941
42156967
42156977
42156997
42157013
42157019
42157051
42157079
42157099
42157109
42157123
42157147
42157151
42157163
42157177
42157187
42157189
42157201
42157217
42157223
42157273
42157279
42157289
42157301
42157327
42157337
42157343
42157361
42157363
42157369
42157373
42157391
42157397
42157421
42157429
42157441
42157487
42157499
42157519
42157537
42157559
42157571
42157607
42157651
42157667
42157669
42157681
42157691
42157693
42157697
42157699
42157723
42157747
42157769
42157783
42157811
42157813
42157823
42157853
42157859
42157877
42157879
42157891
42157933
42157987
42157993
42158009
42158041
42158063
42158069
42158089
42158099
42158101
42158117
42158119
42158159
42158177
42158203
42158239
42158243
42158251
42158293
42158297
42158323
42158327
42158329
42158353
42158377
42158393
42158399
42158407
42158423
42158443
42158491
42158497
42158513
42158531
42158579
42158581
42158603
42158629
42158659
42158681
42158687
42158717
42158719
42158723
42158731
42158737
42158789
42158801
42158833
42158843
42158881
42158899
42158923
42158933
42158939
42158951
42158957
42158959
42158969
42158971
42158989
42158999
42159001
42159059
42159067
42159079
42159083
42159097
42159107
42159137
42159149
42159151
42159191
42159209
42159223
42159251
42159259
42159263
42159331
42159343
42159353
42159373
42159407
42159413
42159419
42159443
42159449
42159463
42159497
42159511
42159527
42159547
42159569
42159577
42159619
42159629
42159631
42159661
42159671
42159679
42159701
42159703
42159709
42159739
42159743
42159749
42159757
42159769
42159791
42159797
42159811
42159827
42159853
42159869
42159877
42159889
42159947
42159959
42159973
42160007
42160067
42160091
42160103
42160109
42160141
42160147
42160159
42160163
42160189
42160213
42160249
42160267
42160277
42160337
42160343
42160361
42160369
42160381
42160409
42160421
42160429
42160441
42160471
42160477
42160499
42160513
42160523
42160537
42160553
42160567
42160583
42160631
42160637
42160661
42160667
42160687
42160717
42160757
42160793
42160801
42160819
42160841
42160903
42160913
42160919
42160933
42160939
42160949
42160967
42160973
42160999
42161029
42161033
42161039
42161069
42161081
42161087
42161111
42161131
42161143
42161153
42161159
42161183
42161191
42161201
42161221
42161233
42161237
42161269
42161279
42161281
42161293
42161297
42161359
42161393
42161401
42161423
42161443
42161453
42161473
42161477
42161501
42161557
42161569
42161573
42161591
42161617
42161633
42161641
42161681
42161687
42161699
42161719
42161723
42161803
42161831
42161837
42161843
42161849
42161851
42161869
42161927
42161929
42161939
42161971
42161983
42162019
42162031
42162047
42162053
42162079
42162089
42162101
42162119
42162179
42162191
42162217
42162233
42162247
42162269
42162283
42162301
42162313
42162347
42162353
42162359
42162361
42162377
42162383
42162389
42162409
42162413
42162443
42162467
42162479
42162503
42162517
42162541
42162553
42162559
42162563
42162641
42162643
42162751
42162761
42162763
42162787
42162811
42162817
42162823
42162847
42162851
42162863
42162871
42162889
42162917
42162959
42162961
42162971
42162997
42163019
42163027
42163031
42163063
42163067
42163097
42163123
42163151
42163171
42163181
42163237
42163241
42163259
42163283
42163309
42163333
42163339
42163357
42163367
42163391
42163397
42163403
42163409
42163423
42163463
42163487
42163549
42163601
42163613
42163657
42163697
42163711
42163721
42163727
42163729
42163739
42163753
42163787
42163789
42163799
42163811
42163817
42163829
42163879
42163889
42163903
42163931
42163939
42163943
42163963
42163967
42163969
42163981
42164039
42164047
42164081
42164093
42164119
42164137
42164147
42164149
42164189
42164207
42164261
42164279
42164281
42164303
42164321
42164329
42164333
42164377
42164383
42164387
42164393
42164407
42164411
42164431
42164483
42164489
42164503
42164509
42164513
42164531
42164537
42164561
42164597
42164611
42164651
42164653
42164657
42164659
42164669
42164671
42164693
42164711
42164713
42164723
42164761
42164767
42164779
42164789
42164809
42164813
42164821
42164849
42164891
42164917
42164921
42164923
42164951
42164953
42164977
42164987
42165017
42165031
42165041
42165059
42165073
42165077
42165113
42165131
42165139
42165181
42165191
42165197
42165229
42165247
42165293
42165307
42165323
42165341
42165349
42165367
42165373
42165377
42165401
42165421
42165467
42165517
42165521
42165553
42165569
42165583
42165587
42165631
42165649
42165653
42165667
42165689
42165709
42165719
42165751
42165787
42165791
42165821
42165839
42165841
42165853
42165857
42165863
42165869
42165881
42165919
42165947
42165989
42166009
42166031
42166043
42166049
42166057
42166079
42166109
42166123
42166133
42166141
42166147
42166177
42166181
42166183
42166193
42166207
42166211
42166213
42166219
42166237
42166253
42166259
42166277
42166283
42166321
42166351
42166361
42166367
42166387
42166391
42166393
42166427
42166459
42166483
42166489
42166499
42166507
42166513
42166519
42166543
42166547
42166549
42166627
42166669
42166679
42166697
42166699
42166721
42166723
42166753
42166763
42166777
42166801
42166807
42166823
42166837
42166867
42166897
42166907
42166951
42166973
42167003
42167029
42167033
42167039
42167101
42167107
42167117
42167159
42167201
42167207
42167231
42167233
42167243
42167249
42167263
42167269
42167299
42167317
42167341
42167353
42167357
42167369
42167387
42167401
42167407
42167417
42167431
42167443
42167449
42167453
42167467
42167473
42167561
42167581
42167591
42167597
42167603
42167627
42167651
42167659
42167663
42167689
42167693
42167729
42167731
42167761
42167767
42167773
42167777
42167791
42167819
42167861
42167893
42167911
42167927
42167941
42167953
42167959
42167971
42167981
42168017
42168037
42168053
42168073
42168089
42168103
42168121
42168127
42168167
42168169
42168173
42168187
42168193
42168199
42168209
42168221
42168229
42168253
42168257
42168293
42168307
42168317
42168331
42168367
42168389
42168397
42168403
42168437
42168457
42168461
42168479
42168487
42168491
42168521
42168547
42168557
42168563
42168601
42168613
42168617
42168671
42168673
42168689
42168701
42168703
42168719
42168803
42168811
42168829
42168851
42168859
42168877
42168887
42168899
42168901
42168911
42168941
42168947
42168977
42169007
42169009
42169013
42169019
42169067
42169073
42169091
42169093
42169133
42169139
42169177
42169181
42169201
42169223
42169249
42169261
42169271
42169301
42169319
42169339
42169343
42169349
42169409
42169411
42169427
42169429
42169433
42169441
42169459
42169487
42169513
42169549
42169573
42169583
42169591
42169597
42169637
42169643
42169651
42169661
42169667
42169693
42169709
42169711
42169739
42169747
42169781
42169789
42169793
42169801
42169807
42169819
42169847
42169859
42169931
42169937
42169943
42169997
42170003
42170021
42170027
42170041
42170053
42170077
42170083
42170119
42170123
42170171
42170173
42170189
42170197
42170207
42170221
42170231
42170239
42170243
42170257
42170299
42170311
42170383
42170407
42170449
